MA1111 sección: 1 MATEMATICAS I prof. 0- Martes 2-3 Jueves 2-3 Otro
2210002
2210003
2210018
2210020
2210027
2210028
2210029
2210033
2210037
2210038
2210040
2210041
2210042
2210044
2210048
2210049
2210050
2210055
2210061
2210062
2210063
2210065
2210067
2210073
2210074
2210078
2210082
2210084
2210094
2210099
2210101
2210102
2210104
2210107
2210108
2210112
2210115
2210129
2210133
2210143
2210146
2210148
2210156
2210168
2210173
2210177
2210181
2210182
2210184
2210186
2210196
2210197
2210199
2210200
2210216
2210228
2210229
2210230
2210234
2210235
2210237
2210255
2210265
2210267
2210269
2210272
2210277
2210288
2210289
2210294
2210295
2210301
2210302
2210333
2210334
2210350
2210351
2210363
2210374
2210377
2210380
2210381
2210397
2210398
2210410
2210413
2210418
2210423
2210429
2210430
2210432
2210437
2210439
2210443
2210446
