MA1111 sección: 2 MATEMATICAS I prof. 0- Martes 2-3 Jueves 2-3 Otro
2210005
2210006
2210021
2210036
2210039
2210051
2210052
2210059
2210064
2210066
2210068
2210087
2210088
2210091
2210100
2210105
2210110
2210111
2210117
2210121
2210124
2210125
2210128
2210132
2210135
2210139
2210145
2210149
2210150
2210158
2210159
2210166
2210167
2210169
2210179
2210180
2210185
2210187
2210193
2210195
2210198
2210204
2210208
2210221
2210222
2210226
2210227
2210246
2210253
2210256
2210262
2210264
2210268
2210276
2210279
2210280
2210282
2210283
2210284
2210286
2210296
2210298
2210303
2210306
2210308
2210311
2210312
2210315
2210316
2210320
2210321
2210322
2210324
2210329
2210330
2210332
2210337
2210338
2210344
2210346
2210348
2210349
2210355
2210358
2210362
2210372
2210373
2210403
2210406
2210412
2210414
2210417
2210419
2210421
2210436
