MA1111 sección: 3 MATEMATICAS I prof. 0- Martes 2-3 Jueves 2-3 Otro
2210008
2210010
2210012
2210015
2210017
2210019
2210022
2210024
2210031
2210034
2210046
2210047
2210071
2210076
2210083
2210086
2210092
2210103
2210109
2210113
2210114
2210120
2210122
2210123
2210130
2210134
2210136
2210140
2210144
2210151
2210160
2210174
2210178
2210183
2210189
2210190
2210194
2210207
2210212
2210215
2210217
2210223
2210225
2210231
2210232
2210233
2210236
2210238
2210241
2210242
2210247
2210248
2210249
2210250
2210251
2210252
2210254
2210257
2210258
2210259
2210263
2210266
2210270
2210285
2210297
2210299
2210300
2210319
2210336
2210342
2210347
2210353
2210356
2210368
2210369
2210371
2210378
2210379
2210386
2210393
2210395
2210396
2210399
2210401
2210407
2210408
2210415
2210416
2210420
2210425
2210431
2210438
2210440
2210441
2210442
