MA1111 sección: 4 MATEMATICAS I prof. 0- Martes 2-3 Jueves 2-3 Otro
2110001
2110262
2110263
2110271
2110289
2110700
2110705
2110709
2210001
2210007
2210013
2210014
2210016
2210023
2210025
2210026
2210032
2210043
2210045
2210053
2210058
2210069
2210072
2210077
2210080
2210081
2210089
2210095
2210106
2210116
2210118
2210119
2210126
2210127
2210141
2210147
2210154
2210155
2210157
2210161
2210163
2210164
2210165
2210171
2210172
2210175
2210176
2210188
2210191
2210192
2210205
2210209
2210214
2210243
2210244
2210260
2210271
2210273
2210275
2210278
2210287
2210291
2210304
2210305
2210307
2210313
2210314
2210317
2210318
2210323
2210325
2210345
2210357
2210359
2210360
2210364
2210365
2210382
2210383
2210384
2210385
2210387
2210390
2210391
2210392
2210400
2210422
2210424
2210426
2210427
2210428
2210433
2210434
2210435
2210444
