MA1111 sección: 5 MATEMATICAS I prof. 0- Martes 2-3 Jueves 2-3 Otro
2010087
2010716
2110011
2110017
2110022
2110023
2110024
2110026
2110028
2110032
2110033
2110040
2110041
2110054
2110056
2110058
2110061
2110063
2110064
2110067
2110069
2110070
2110072
2110076
2110077
2110090
2110092
2110102
2110107
2110110
2110111
2110114
2110121
2110123
2110132
2110138
2110154
2110161
2110169
2110177
2110179
2110182
2110186
2110187
2110189
2110190
2110195
2110197
2110199
2110206
2110210
2110211
2110219
2110232
2110236
2110238
2110243
2110247
2110252
2110253
2110254
2110256
2110257
2110287
2110369
2110404
2110421
2110528
2110545
2110596
2110610
2210004
2210011
2210085
2210093
2210153
2210211
2210220
2210239
2210240
2210261
2210281
2210331
2210341
2210343
2210354
2210361
2210366
2210375
2210376
2210388
2210389
2210394
2210402
2210445
