MA1111 sección: 6 MATEMATICAS I prof. 0- Martes 2-3 Jueves 2-3 Otro
1910386
1910424
1910572
1910656
2010048
2010058
2010119
2010162
2010221
2010272
2010284
2010292
2010295
2010301
2010305
2010308
2010353
2010435
2010446
2010470
2010538
2110018
2110261
2110298
2110300
2110303
2110305
2110313
2110323
2110324
2110328
2110335
2110346
2110347
2110350
2110353
2110366
2110368
2110380
2110398
2110401
2110405
2110407
2110414
2110419
2110427
2110433
2110437
2110448
2110456
2110457
2110462
2110473
2110483
2110492
2110495
2110496
2110500
2110503
2110505
2110509
2110510
2110511
2110525
2110530
2110544
2110547
2110549
2110556
2110557
2110562
2110576
2110587
2110590
2110592
2110607
2110608
2110614
2110620
2110623
2110630
2110631
2110645
2110648
2110649
2110658
2110666
2110667
2110668
2110681
2110686
2110691
2110694
2110696
2210447
