MA1111 sección: 7 MATEMATICAS I prof. 0- Martes 4-5 Jueves 4-5 Otro
1810663
1910293
1910392
1910560
2010108
2010168
2010169
2010194
2010242
2010245
2010316
2010321
2010323
2010384
2010433
2010472
2010509
2010573
2010595
2010601
2010604
2010682
2010714
2010725
2110049
2110071
2110073
2110091
2110117
2110128
2110131
2110135
2110141
2110142
2110144
2110174
2110191
2110207
2110217
2110224
2110233
2110249
2110275
2110322
2110327
2110331
2110337
2110348
2110355
2110356
2110357
2110362
2110367
2110372
2110378
2110408
2110416
2110423
2110444
2110454
2110459
2110467
2110470
2110476
2110480
2110488
2110508
2110522
2110526
2110541
2110580
2110583
2110584
2110593
2110602
2110604
2110613
2110622
2110638
2110643
2110646
2110660
2110662
2110663
2110675
2110677
2110680
2110684
2110689
2110693
